100     100000000 256
000
000

001     001000000 64
000
000

000     000000001 1
000
001

000     000000100 4
000
100

101     101000000 320
000
000

001     001000001 65
000
001

000     000000101 5
000
101

100     100000100 260
000
100

100     100000001 257
000
001

001     001000100 68
000
100

101     101000001 321
000
001

001     001000101 69
000
101

100     100000101 261
000
101

101     101000101 325
000
100

010     010000000 200
000
000

000     000001000 10
001
000

000     000000100 2
000
010

000     000100000 32
100
000

000     000101000 40
101
000

010     111000111 130
000
010

111     111001001 457
001
001

001     001001111 79
001
111

100     100100111 295
100
111

111     111100100 484
100
100

111     111001111 463
001
111

101     101101111 367
101
111

111     111100111 487
100
111

111     111101101 493
101
101

111     111101111 495
101
111

======================================

010 110 011   111  
000 000 000 = 000 
000 000 000   000

000 001 000   001
001 001 001 = 001
000 000 001   001

000 000 000   000
000 000 000 = 000
010 011 110   111

000 000 100   100
100 100 100 = 100
000 100 000   100

011 011 111   111
001 001 001 = 001
000 001 000   001

000
100
010

=======================================

1)

010 000 000 000 000 010 010 000 000 010 010 000 010 010 010
000 001 000 100 101 000 001 001 100 100 001 101 100 101 101
000 000 010 000 000 010 000 010 010 000 010 010 010 000 010

010000000 - U
000001000 - R
000000010 - D
000100000 - L
000101000 - RL
010000010 - UD
010001000 - UR
000001010 - RD
000100010 - DL
010100000 - LU
010001010 - URD
000101010 - RDL
010100010 - DLU
010101000 - LUR
010101010 - ALL


2)

100 001 000 000 101 001 000 100 101 001 100 101 100 001 101
000 000 000 000 000 000 000 000 000 000 000 000 000 000 000
000 000 001 100 000 001 101 100 001 101 101 100 001 100 101

100000000 - C_UL
001000000 - C_UR
000000001 - C_DR
000000100 - C_DL
101000000 - C_ULUR
001000001 - C_URDR
000000101 - C_DRDL
100000100 - C_DLUL
101000001 - C_ULURDR
001000101 - C_URDRDL
100000101 - C_DRDLUL
101000100 - C_DLULUR
100000001 - C_ULDR
001000100 - C_URDL
101000101 - C_ALL
